4001
2361
1620
1692
3090
503
2881
1945
43
2385
4294
1615
2877
3967
4854
4959
3323
822
3741
883
764
4453
903
1480
2644
3098
4754
3966
4106
3700
473
1006
1709
2212
2842
679
2047
1685
2263
3900
3900
2997
3240
1422
2403
1903
1778
4489
731
1103
1857
2541
1609
57
3777
196
3877
342
722
74
685
2388
1018
4790
401
3808
1788
1116
4214
3403
2838
509
2382
3254
4400
260
820
2388
1528
3989
3453
267
267
4028
3802
3501
4014
3374
898
3577
4195
424
1245
4553
4070
1627
4683
4857
4151
625
2346
4299
3530
1255
3622
3513
4658
126
1115
2136
148
703
4527
2421
1983
2195
954
2359
1834
4516
1671
3064
3334
1684
1932
1185
274
2296
317
3849
2150
2440
712
3818
3591
1926
4777
721
4672
2232
629
984
4418
251
395
3377
2218
4870
4182
3249
1184
689
4472
3438
2081
385
1473
4967
4394
4633
1757
2007
357
2061
4979
3685
2640
406
4641
4634
2296
4869
1125
448
2421
4070
1351
4964
1023
235
1002
984
86
2665
2561
4176
3775
739
1150
422
3634
2002
3653
220
4920
2046
704
3214
3402
2899
1372
4401
2269
754
3200
2452
3594
1603
925
121
2258
1476
2513
440
1062
3033
2982
137
2252
552
3816
4323
3261
671
3715
2950
1660
156
4538
1914
1233
3505
2820
1290
3227
2307
881
1680
2933
1621
1315
989
4919
1790
32
4869
2261
1939
371
3605
4940
4626
1578
2395
2689
2636
4674
2657
2028
4310
4038
2140
4177
173
1031
3135
3287
3299
973
1335
2257
1818
996
3315
2835
3716
3938
2067
2847
813
1524
1817
1132
861
216
2096
2376
4926
3005
3352
1588
1414
1951
3762
4558
4945
167
2766
2404
4791
295
4695
3060
3469
411
616
497
1115
1155
4278
4079
4657
2805
2337
1439
2495
1335
3183
1190
295
818
1167
2305
2465
4642
4695
4059
459
1434
723
2902
4603
1852
2899
2224
1667
2814
1007
2797
1423
2680
2177
2370
973
610
2159
538
3842
2187
3404
2425
885
844
1210
1405
595
1755
3447
3453
4510
3315
4377
3666
1610
120
3942
274
3326
3456
3788
1179
2843
21
4482
4380
364
487
4129
1095
4610
1879
1027
1899
3547
1487
622
2703
1855
4605
773
2576
334
2197
3516
4131
465
4038
3317
1142
356
413
2884
3288
340
1277
3115
3681
4715
1609
3027
4636
3941
2016
3856
3090
4613
4975
4679
432
2066
3516
2806
2784
2256
1278
977
3957
2364
1290
4629
815
1415
113
1258
4159
750
3965
4282
3517
2996
2730
2616
3181
4901
4665
1966
159
1744
1383
4504
1366
863
4293
2887
1824
694
4313
2979
1964
2182
825
2136
1155
3021
3015
1779
1188
1692
1000
4689
3835
53
2967
3308
2284
1414
2999
3283
3017
4806
2653
1197
4572
3419
4172
3514
2134
2950
4410
2214
2509
3140
4775
4755
2052
57
2365
1890
3476
2715
723
4213
4952
2608
1228
1604
3095
2941
4133
2338
3923
4245
3420
4963
2966
1810
4612
4708
3436
2531
92
2399
2603
3113
911
1986
239
4407
4726
2307
1298
1719
4674
882
2656
4067
2478
3387
2161
1182
2472
110
712
4832
1712
1725
3456
1479
329
1137
1879
73
4389
169
3234
3603
4094
2113
87
4220
4662
59
1714
2131
4815
4188
1831
4369
767
3589
662
3869
1604
1644
1037
1499
237
2447
4007
1000
4352
3357
3882
3748
1320
1681
2247
756
15
1516
2690
4530
1073
549
3488
1308
2161
719
2465
2286
3564
3639
4227
4485
3459
561
1870
3258
2943
3054
3094
4094
2429
3764
1651
320
1
1426
3436
400
4286
4902
3946
2167
915
725
313
2925
4434
1231
401
3055
4738
2292
2043
3947
620
4583
558
2849
282
2589
930
3736
4811
714
1916
3521
76
2233
727
1076
713
1525
2692
3774
1872
456
4824
1412
6
3279
2900
462
2483
1009
4386
4563
4937
2963
4259
3532
2578
3329
4301
1080
3871
4650
1882
3892
2597
4241
324
3780
313
3795
4596
1891
2820
3122
3089
907
4650
2589
4758
3329
2261
3937
1205
952
2134
2625
3215
792
3859
4949
885
251
724
3346
161
4996
472
1822
1717
2412
885
4182
1629
3490
1892
766
4481
2614
3210
3092
178
2667
82
3513
1414
4191
1656
3909
4175
1464
2442
4422
3117
132
1055
4964
852
3525
4641
141
192
2823
1902
3024
421
4935
2330
2648
4315
3850
3425
1647
1150
2008
2696
2020
2307
211
1675
3274
4135
199
4681
4431
1130
3896
763
1182
3968
4707
892
3049
1424
4330
1723
574
4422
3863
1891
525
4987
1555
1283
3731
1444
2060
825
934
1560
4537
2586
4254
34
1596
1013
1572
2007
3243
3925
2314
4001
786
4165
1158
4874
1176
3366
2788
4013
2892
4499
3272
1765
4669
2046
2861
489
1107
2419
412
2055
3573
4594
2532
1486
4400
34
906
3512
3488
2593
4669
3483
2510
3904
4081
1441
3350
1651
3511
4069
388
4222
4181
4782
3675
2795
2335
441
3105
4081
617
2830
4523
3502
2103
525
4752
2700
4756
1561
2140
3242
1259
2802
44
3377
14
41
464
1623
2704
820
1570
3137
4361
681
490
4312
1254
423
2747
622
898
4848
4158
1819
1917
83
3393
2272
1102
4743
2787
3836
272
1081
4182
3972
839
2910
930
3861
1486
3460
2210
2582
2991
3170
3629
1769
1374
3153
108
4560
3634
4122
1091
3604
2112
3262
1237
2080
685
3117
1528
4300
16
4950
1994
3590
4171
2125
4199
546
4684
1410
3496
1418
4908
3230
482
3393
3771
4545
3616
1562
3509
1959
1613
4630
461
913
4994
393
4645
3119
608
3958
807
1203
1819
3657
2259
2144
3708
2058
3310
386
17
3082
2875
3760
394
533
4992
3948
1659
3543
3344
795
4857
3044
4224
4359
611
2696
57
1337
4999
1973
4553
60
4989
3762
1493
742
3420
3512
4967
1000
2967
1120
832
4700
2164
4592
1539
1821
1697
4477
886
266
1931
4531
3557
3445
3116
4711
877
2504
776
3813
4113
2319
557
2741
3765
672
1428
2113
4709
231
1072
4346
2648
2590
4506
2407
1255
4930
1942
4791
1092
4809
854
1902
336
2423
361
4068
2725
951
504
3011
357
1686
797
4143
181
3252
2024
512
178
2188
3487
3706
3734
2491
113
2678
2511
1277
263
4425
1789
554
1287
3498
1773
1040
2903
3369
1726
1282
4467
3003
3455
3590
259
4498
4892
381
4547
2745
3963
3219
4472
4590
3167
3398
3100
4080
4361
3371
3767
3535
1997
1588
3298
4946
3504
893
2504
428
1780
3862
1740
2504
2413
4835
457
1100
2195
1303
1522
234
3477
368
3823
3680
3670
2371
3688
2417
4607
4064
1425
3613
4577
3072
4978
4731
4229
2795
4482
1663
4001
4518
4280
3135
185
2305
2301
1511
936
3631
3977
1300
746
406
1648
1246
216
4863
3569
3358
70
2887
3043
3679
3420
2924
3157
545
3599
4403
1376
4144
3244
414
442
707
3792
3459
514
2176
423
2751
3067
1701
4735
579
384
2850
1080
3348
2970
843
3010
502
1953
1761
3899
355
3084
4727
2884
764
4518
3497
4078
3378
2464
521
1910
4119
789
3356
1867
1038
4981
4489
3576
1273
2913
1626
2642
4456
832
4723
687
4991
533
4151
2577
665
3798
2377
4822
513
1520
1280
1565
2919
1892
380
1511
207
4344
4101
4872
4901
3219
4124
2977
4332
4689
3616
1387
1159
1959
4610
1897
4383
2700
1021
50
1906
285
852
1794
1341
4899
4288
4725
472
2754
3561
631
4616
2512
3841
1330
3002
2392
4512
3189
2482
3027
1258
3014
4811
3763
661
4068
2497
2203
1039
883
499
3085
4636
2644
3429
545
3604
609
505
791
4091
186
2085
4266
75
2071
1488
3737
2116
2970
4517
4331
3299
2807
3202
1335
3680
1260
4539
3549
2345
1135
4255
1996
1596
2816
4837
3408
2074
1613
3799
3127
4151
