773
590
4538
1546
2128
2459
3193
4865
4475
4453
2940
113
658
3820
3310
4823
3775
3
2455
3632
1448
1774
3838
2968
413
2209
2114
2336
1039
2406
3432
2363
2308
1730
735
4333
3799
2397
3047
2337
2797
2085
4976
4133
90
3574
2207
1116
1706
1832
315
1456
3692
3860
4046
249
4856
1716
3207
79
4384
4518
3820
624
2301
2285
4180
4262
4273
1245
2179
3688
3825
3145
798
3907
4014
3146
4438
2781
1865
4590
923
4462
2059
4122
1765
4020
4503
2357
4415
57
4727
2507
3576
1875
4707
1467
1502
1632
736
310
687
4843
1836
2260
3698
3968
1896
4837
2560
1815
4103
920
1305
64
1051
2196
2112
636
2807
4400
4064
2308
710
2793
1216
1265
810
1832
753
2167
4793
4413
1249
2430
2274
236
1384
1342
4117
3162
4328
1542
753
2996
4482
1561
87
2852
1474
3199
811
4906
1316
2107
3667
4739
3232
646
639
2952
4697
3767
4016
3989
4948
228
1430
2604
1780
1626
4426
3949
3794
3190
762
4733
1361
3230
163
1881
4432
1662
1400
1445
4664
3898
3784
4741
4005
501
2574
2566
3810
1676
3346
674
277
1451
3421
1863
473
2513
4993
2715
4418
2338
1991
4974
4484
2033
4226
2452
3276
2272
809
3790
4608
4534
3690
3339
2570
4011
138
24
2295
779
4769
3217
1206
4900
4394
3474
2324
374
1024
1720
2909
175
3899
765
2989
4136
674
2171
3460
967
2339
136
719
481
486
3146
1155
1964
3335
3016
3277
2382
3738
389
2893
4262
3497
130
2553
2261
2681
230
4542
3272
2987
4828
2265
3701
1254
482
2587
3408
33
4817
2491
3121
598
3318
3277
3731
2707
2140
2952
1243
1442
1779
230
1267
672
4241
100
3946
4146
2243
4617
4114
3627
3545
3340
2718
50
3107
4518
2750
1040
4732
3494
176
4568
3210
1715
981
3743
1862
4324
4245
1643
1678
2955
1455
3496
1948
873
2562
3637
115
1931
2441
2054
486
3433
2702
3634
1981
943
2966
108
4028
2285
3476
2639
4210
3881
2989
1858
259
4492
4040
1083
2330
3746
296
2623
4399
4747
1223
160
2001
678
4104
1696
40
3014
1073
2170
4369
3204
1268
2352
2095
1491
4200
2294
1290
4235
913
4877
159
1118
160
3092
4868
4622
1360
1265
2846
3271
1775
2566
1969
2897
740
4366
1595
4013
1171
462
1141
632
387
1808
4263
2702
2569
1067
4623
4630
4194
2039
2702
2308
1442
2476
3535
2276
4452
3394
1013
4361
52
2634
4048
1221
3841
1028
571
2251
185
2658
3821
3192
2408
425
4601
3720
3793
3048
3085
2109
935
3745
2716
1218
1864
4957
4616
4830
2143
3572
336
1756
4268
1290
2465
4072
2754
189
3660
1555
718
954
2540
3887
1231
1207
346
3382
637
2155
119
3284
4450
2290
1509
22
1760
189
4874
4818
4374
1854
4362
1470
3211
3017
3120
2788
4381
3573
1449
1555
269
